270 141.0
271 141.0
272 141.0
273 141.0
274 141.0
275 141.0
276 141.0
277 141.0
278 141.0
279 141.0
280 135.0
281 134.0
282 133.0
283 132.0
284 131.0
285 130.0
286 129.0
287 128.0
288 127.0
289 126.0
290 125.0
291 124.0
292 123.0
293 122.0
294 121.0
295 120.0
296 119.0
297 118.0
298 117.0
299 116.0
300 115.0
301 114.0
302 113.0
303 112.0
304 111.0
305 110.0
306 109.0
307 108.0
308 107.0
309 106.0
310 105.0
311 104.0
312 103.0
313 102.0
314 101.0
315 100.0
316 99.0
317 98.0
318 97.0
319 96.0
320 95.0
321 94.0
322 93.0
323 92.0
324 91.0
325 90.0
326 89.0
327 88.0
328 87.0
329 86.0
330 85.0
331 84.0
332 83.0
333 82.0
334 81.0
335 80.0
336 78.0
337 77.0
338 76.0
339 75.0
340 74.0
341 73.0
342 72.0
343 71.0
344 70.0
345 68.0
346 67.0
347 66.0
348 65.0
349 64.0
350 63.0
351 62.0
352 61.0
353 60.0
354 58.0
355 57.0
356 56.0
357 55.0
358 54.0
359 53.0
360 52.0
361 51.0
362 50.0
363 48.0
364 46.0
365 45.0
366 44.0
367 42.0
368 41.0
369 39.0
370 38.0
371 36.0
372 35.0
373 33.0
374 32.0
375 30.0
376 29.0
377 27.0
378 26.0
379 24.0
380 23.0
381 21.0
382 20.0
383 18.0
384 16.0
385 14.0
386 12.0
387 10.0
388 9.0
389 8.0
390 7.0
391 6.0
392 5.0
393 4.0
394 3.0
395 2.0
396 1.0
397 0.0
398 0.0
399 0.0
400 0.0
